0 1
0.10000000000000001 1
0.20000000000000001 1
0.30000000000000004 1
0.40000000000000002 1
0.5 1
0.59999999999999998 2
0.69999999999999996 8
0.79999999999999993 16
0.89999999999999991 16
0.99999999999999989 1
1.0999999999999999 2
1.2 2
1.3 2
1.4000000000000001 2
1.5000000000000002 1
1.6000000000000003 1
1.7000000000000004 1
1.8000000000000005 1
1.9000000000000006 1
2.0000000000000004 1
2.1000000000000005 1
2.2000000000000006 1
2.3000000000000007 1
2.4000000000000008 2
2.5000000000000009 2
2.600000000000001 2
2.7000000000000011 2
2.8000000000000012 2
2.9000000000000012 2
3.0000000000000013 2
3.1000000000000014 2
3.2000000000000015 2
3.3000000000000016 2
3.4000000000000017 2
3.5000000000000018 2
3.6000000000000019 2
3.700000000000002 2
3.800000000000002 2
3.9000000000000021 2
4.0000000000000018 2
4.1000000000000014 2
4.2000000000000011 2
4.3000000000000007 2
4.4000000000000004 2
4.5 2
4.5999999999999996 2
4.6999999999999993 2
4.7999999999999989 2
4.8999999999999986 2
4.9999999999999982 2
5.0999999999999979 2
5.1999999999999975 2
5.2999999999999972 2
5.3999999999999968 2
5.4999999999999964 2
5.5999999999999961 2
5.6999999999999957 2
5.7999999999999954 2
5.899999999999995 2
5.9999999999999947 2
6.0999999999999943 2
6.199999999999994 2
6.2999999999999936 2
6.3999999999999932 2
6.4999999999999929 2
6.5999999999999925 2
6.6999999999999922 2
6.7999999999999918 2
6.8999999999999915 2
6.9999999999999911 2
7.0999999999999908 2
7.1999999999999904 1
7.2999999999999901 2
7.3999999999999897 3.55301
7.4999999999999893 3.55301
7.599999999999989 3.55301
7.6999999999999886 3.55301
7.7999999999999883 3.55301
7.8999999999999879 3.55301
7.9999999999999876 3.55301
8.0999999999999872 3.55301
8.1999999999999869 3.55301
8.2999999999999865 3.55301
8.3999999999999861 3.55301
8.4999999999999858 3.55301
8.5999999999999854 3.55301
8.6999999999999851 3.55301
8.7999999999999847 3.55301
8.8999999999999844 3.55301
8.999999999999984 3.55301
9.0999999999999837 3.55301
9.1999999999999833 3.55301
9.2999999999999829 3.55301
9.3999999999999826 3.55301
9.4999999999999822 3.55301
9.5999999999999819 3.55301
9.6999999999999815 3.55301
9.7999999999999812 3.55301
9.8999999999999808 3.55301
9.9999999999999805 3.55301
10.09999999999998 3.55301
10.19999999999998 3.55301
10.299999999999979 3.55301
10.399999999999979 3.55301
10.499999999999979 3.55301
10.599999999999978 3.55301
10.699999999999978 3.55301
10.799999999999978 3.55301
10.899999999999977 3.55301
10.999999999999977 3.55301
11.099999999999977 3.55301
11.199999999999976 3.55301
11.299999999999976 3.55301
11.399999999999975 3.55301
11.499999999999975 3.55301
11.599999999999975 3.55301
11.699999999999974 3.55301
11.799999999999974 3.55301
11.899999999999974 3.55301
11.999999999999973 3.55301
12.099999999999973 3.55301
12.199999999999973 3.55301
12.299999999999972 3.55301
12.399999999999972 3.55301
12.499999999999972 3.55301
12.599999999999971 3.55301
12.699999999999971 3.55301
12.799999999999971 3.55301
12.89999999999997 3.55301
12.99999999999997 3.55301
13.099999999999969 3.55301
13.199999999999969 3.55301
13.299999999999969 3.55301
13.399999999999968 3.55301
13.499999999999968 3.55301
13.599999999999968 3.55301
13.699999999999967 3.55301
13.799999999999967 1
13.899999999999967 1
13.999999999999966 1
14.099999999999966 1
14.199999999999966 1
14.299999999999965 1
14.399999999999965 1
14.499999999999964 1
14.599999999999964 1
14.699999999999964 1
14.799999999999963 1
14.899999999999963 1
14.999999999999963 1
15.099999999999962 1
15.199999999999962 1
15.299999999999962 1
15.399999999999961 1
15.499999999999961 1
15.599999999999961 1
15.69999999999996 1
15.79999999999996 1
15.899999999999959 1
15.999999999999959 1
16.099999999999959 1
16.19999999999996 1
16.299999999999962 1
16.399999999999963 1
16.499999999999964 1
16.599999999999966 1
16.699999999999967 1
16.799999999999969 1
16.89999999999997 1
16.999999999999972 1
17.099999999999973 1
17.199999999999974 1
17.299999999999976 1
17.399999999999977 1
17.499999999999979 1
17.59999999999998 1
17.699999999999982 1
17.799999999999983 1
17.899999999999984 1
17.999999999999986 1
18.099999999999987 1
18.199999999999989 1
18.29999999999999 1
18.399999999999991 1
18.499999999999993 1
18.599999999999994 1
18.699999999999996 1
18.799999999999997 1
18.899999999999999 1
19 1
19.100000000000001 1
19.200000000000003 1
19.300000000000004 1
19.400000000000006 1
19.500000000000007 1
19.600000000000009 1
19.70000000000001 1
19.800000000000011 1
19.900000000000013 1
20.000000000000014 1
20.100000000000016 1
20.200000000000017 1
20.300000000000018 1
20.40000000000002 1
20.500000000000021 1
20.600000000000023 1
20.700000000000024 1
20.800000000000026 1
20.900000000000027 1
